inf = .00176000
sup = .00224000
n = 500
p = .007584000
n = 500
p = 0.007584
A distância média entre dois vértices da maior componente conexa do grafo gerado é: 4.65133
