inf = .00176000
sup = .00224000
n = 500
p = .014992000
n = 500
p = 0.014992
A distância média entre dois vértices da maior componente conexa do grafo gerado é: 3.30595
