inf = .00880000
sup = .01120000
n = 100
p = .074960000
n = 100
p = 0.07496
A distância média entre dois vértices da maior componente conexa do grafo gerado é: 2.49212
